{"nbformat":4,"nbformat_minor":0,"metadata":{"colab":{"name":"2022_06_20.ipynb","provenance":[],"collapsed_sections":[],"authorship_tag":"ABX9TyM1M+kck3MTghVJWvBGpN03"},"kernelspec":{"name":"python3","display_name":"Python 3"},"language_info":{"name":"python"}},"cells":[{"cell_type":"code","execution_count":1,"metadata":{"id":"hjjSDPZ9e2X3","executionInfo":{"status":"ok","timestamp":1655734791615,"user_tz":-540,"elapsed":3,"user":{"displayName":"이도훈","userId":"08244818386454187914"}}},"outputs":[],"source":["import numpy as np"]},{"cell_type":"code","source":["A = np.random.rand(24).reshape(6,4)"],"metadata":{"id":"XN3P7AYze8fW","executionInfo":{"status":"ok","timestamp":1655737770081,"user_tz":-540,"elapsed":258,"user":{"displayName":"이도훈","userId":"08244818386454187914"}}},"execution_count":40,"outputs":[]},{"cell_type":"code","source":["## QR decomposition\n","def factorize(A):\n","    width = A.shape[1]\n","\n","    Q = np.zeros_like(A)\n","    R = np.zeros((width,width))\n","\n","    ## first step\n","    norm_q = np.linalg.norm(A[:,0])\n","    Q[:,0] = A[:,0] / norm_q\n","    R[0,0] = norm_q\n","\n","    ## gram-schmidts algorithm\n","    for i in range(1,width):\n","        Q[:,i] = A[:,i]\n","        \n","        for j in range(i):\n","            Q[:,i] -= np.dot(Q[:,j], A[:,i]) * Q[:,j]\n","            R[j,i] = np.dot(Q[:,j],A[:,i])\n","\n","        norm_q = np.linalg.norm(Q[:,i])\n","        Q[:,i] = Q[:,i] / norm_q\n","        R[i,i] = norm_q\n","\n","        ## linearly dependence\n","        if norm_q == 0:\n","            print(\"it has linearly dependent columns\")\n","            break\n","\n","    return Q, R"],"metadata":{"id":"e_b1Ded2fAF-","executionInfo":{"status":"ok","timestamp":1655737771105,"user_tz":-540,"elapsed":2,"user":{"displayName":"이도훈","userId":"08244818386454187914"}}},"execution_count":41,"outputs":[]},{"cell_type":"code","source":["Q, R = factorize(A)"],"metadata":{"id":"fiDSz1RRirhm","executionInfo":{"status":"ok","timestamp":1655737771819,"user_tz":-540,"elapsed":2,"user":{"displayName":"이도훈","userId":"08244818386454187914"}}},"execution_count":42,"outputs":[]},{"cell_type":"code","source":["print(f\"Q: {Q}\")\n","print(f\"R: {R}\")\n","print(f\"QR: {np.dot(Q,R)}\")\n","print(f\"{np.allclose(A, np.dot(Q,R))}\")"],"metadata":{"colab":{"base_uri":"https://localhost:8080/"},"id":"hBbeuHbtkNus","executionInfo":{"status":"ok","timestamp":1655737864968,"user_tz":-540,"elapsed":269,"user":{"displayName":"이도훈","userId":"08244818386454187914"}},"outputId":"cc8a5567-1d55-4227-8635-39da520f589f"},"execution_count":47,"outputs":[{"output_type":"stream","name":"stdout","text":["Q: [[ 0.24094206  0.31780978 -0.13075519  0.82804392]\n"," [ 0.73495327 -0.40299966  0.09483452 -0.22178094]\n"," [ 0.16738211  0.66787889  0.03367152 -0.47183967]\n"," [ 0.28663767 -0.15855325 -0.82485485 -0.04644687]\n"," [ 0.32658341 -0.17073871  0.53937619  0.19971067]\n"," [ 0.43006507  0.4860403   0.03825616 -0.02195768]]\n","R: [[ 1.07456176  0.79163242  1.43894938  0.84350063]\n"," [ 0.          0.93685567  0.35565569  1.04609791]\n"," [ 0.          0.          0.3635333  -0.13966025]\n"," [ 0.          0.          0.          0.49435176]]\n","QR: [[0.25890713 0.48847945 0.41220043 0.96330121]\n"," [0.78975268 0.20426032 0.94870694 0.07547403]\n"," [0.17986242 0.75821122 0.49063003 0.60189628]\n"," [0.30800988 0.07837016 0.05620453 0.16815516]\n"," [0.35093404 0.09857648 0.605294   0.12026181]\n"," [0.46213148 0.79580306 0.80561226 0.85500822]]\n","True\n"]}]},{"cell_type":"code","source":["A = np.random.rand(32).reshape(8,4)\n","A1 = A[:4,:]\n","A2 = A[4:,:]\n","Q1, R1 = factorize(A1)\n","Q2, R2 = factorize(A2)"],"metadata":{"id":"UYi695VNpyLm","executionInfo":{"status":"ok","timestamp":1655738133994,"user_tz":-540,"elapsed":270,"user":{"displayName":"이도훈","userId":"08244818386454187914"}}},"execution_count":53,"outputs":[]},{"cell_type":"code","source":["print(f\"Q1: {Q1}\\n\")\n","print(f\"Q2: {Q2}\\n\")\n","print(f\"R1: {R1}\\n\")\n","print(f\"R2: {R2}\")"],"metadata":{"colab":{"base_uri":"https://localhost:8080/"},"id":"GmLCydZaq4J9","executionInfo":{"status":"ok","timestamp":1655738135195,"user_tz":-540,"elapsed":3,"user":{"displayName":"이도훈","userId":"08244818386454187914"}},"outputId":"abf4123c-6f74-46ec-d8b0-2133db2ee5f8"},"execution_count":54,"outputs":[{"output_type":"stream","name":"stdout","text":["Q1: [[ 0.68527294 -0.52189049 -0.43087034  0.26903915]\n"," [ 0.15864133 -0.11512776  0.77049739  0.60655775]\n"," [ 0.42921514  0.8448833  -0.17325998  0.26819313]\n"," [ 0.56657593  0.02341213  0.43665261 -0.69841111]]\n","\n","Q2: [[ 0.55741939  0.66940947 -0.49093721 -0.01245963]\n"," [ 0.57246786 -0.32283463  0.22802674 -0.71837466]\n"," [ 0.09695065  0.53301202  0.83425722  0.10253612]\n"," [ 0.5934347  -0.40443411  0.10487785  0.68794545]]\n","\n","R1: [[ 1.43572526  0.54612323  1.20003582  0.67214278]\n"," [ 0.          0.58937456  0.00588519 -0.32400933]\n"," [ 0.          0.          0.46100505  0.36938417]\n"," [ 0.          0.          0.          0.57441787]]\n","\n","R2: [[ 1.55301866  0.93964227  0.57069728  1.1932239 ]\n"," [ 0.          0.31516227  0.76688191 -0.0037239 ]\n"," [ 0.          0.          0.61466917  0.00548063]\n"," [ 0.          0.          0.          0.39226034]]\n"]}]},{"cell_type":"code","source":["Q, R = factorize(A)"],"metadata":{"id":"7U2Kb7BPrdws","executionInfo":{"status":"ok","timestamp":1655738288928,"user_tz":-540,"elapsed":1,"user":{"displayName":"이도훈","userId":"08244818386454187914"}}},"execution_count":55,"outputs":[]},{"cell_type":"code","source":["np.allclose(A[:4,:], np.dot(Q[:4,:],R))"],"metadata":{"colab":{"base_uri":"https://localhost:8080/"},"id":"FdpdDh7fsUZF","executionInfo":{"status":"ok","timestamp":1655738312614,"user_tz":-540,"elapsed":248,"user":{"displayName":"이도훈","userId":"08244818386454187914"}},"outputId":"95a7bf50-3609-4563-ec50-49aabf791dee"},"execution_count":56,"outputs":[{"output_type":"execute_result","data":{"text/plain":["True"]},"metadata":{},"execution_count":56}]},{"cell_type":"markdown","source":["일단 생각한 건 거짓이고, 그거 말고도 하나더 생각한거 있는데 이거는 수학자체에서 막혀서 교수님의 도움이 필요할 듯"],"metadata":{"id":"fIv1fEyksaMD"}}]}